// H
LINE: -14.0, 9, -14.0, 7, (139, 0, 0)         // dark red
LINE: -13.0, 9, -13.0, 7, (139, 0, 0)
LINE: -14.0, 8, -13.0, 8, (139, 0, 0)

// A
LINE: -11.0, 7, -10.0, 9, (255, 140, 0)       // dark orange
LINE: -10.0, 9, -9.0, 7, (255, 140, 0)
LINE: -10.5, 8, -9.5, 8, (255, 140, 0)

// P
LINE: -7.5, 7, -7.5, 9, (204, 204, 0)         // mustard yellow
PARABOLA: -7.5, 9, -6.5, 8.5, -7.5, 8, (204, 204, 0)

// P
LINE: -5.0, 7, -5.0, 9, (0, 100, 0)           // dark green
PARABOLA: -5.0, 9, -4.0, 8.5, -5.0, 8, (0, 100, 0)

// Y
LINE: -2.5, 9, -2.0, 8, (0, 139, 139)         // dark cyan
LINE: -1.5, 9, -2.0, 8, (0, 139, 139)
LINE: -2.0, 8, -2.0, 7, (0, 139, 139)


// B
LINE: -14.0, -5, -14.0, -7, (0, 128, 255)
PARABOLA: -14.0, -5.2, -13.0, -5.6, -14.0, -6.0, (0, 128, 255)
PARABOLA: -14.0, -6.1, -13.0, -6.5, -14.0, -6.9, (0, 128, 255)

// I
LINE: -11.5, -5, -11.5, -7, (0, 0, 255)

// R
LINE: -9.0, -5, -9.0, -7, (75, 0, 130)
PARABOLA: -9.0, -5.2, -8.0, -5.6, -9.0, -6.0, (75, 0, 130)
LINE: -9.0, -6.0, -8.2, -7.0, (75, 0, 130)

// T
LINE: -6.5, -5, -4.5, -5, (138, 43, 226)
LINE: -5.5, -5, -5.5, -7, (138, 43, 226)

// H
LINE: -2.5, -5, -2.5, -7, (255, 105, 180)
LINE: -1.5, -5, -1.5, -7, (255, 105, 180)
LINE: -2.5, -6, -1.5, -6, (255, 105, 180)

// D
LINE: 0.5, -5, 0.5, -7, (199, 21, 133)
PARABOLA: 0.5, -5.1, 1.7, -6.0, 0.5, -6.9, (199, 21, 133)

// A
LINE: 3.0, -7, 4.0, -5, (255, 140, 0)
LINE: 4.0, -5, 5.0, -7, (255, 140, 0)
LINE: 3.5, -6, 4.5, -6, (255, 140, 0)

// Y
LINE: 6.0, -5, 6.5, -6, (255, 20, 147)
LINE: 7.0, -5, 6.5, -6, (255, 20, 147)
LINE: 6.5, -6, 6.5, -7, (255, 20, 147)

