// Cone body (party popper base - triangle)
LINE: 11.0, 0.0, 12.0, -2.0, (255, 165, 0)
LINE: 13.0, 0.0, 12.0, -2.0, (255, 165, 0)
LINE: 11.0, 0.0, 13.0, 0.0, (255, 165, 0)

// Explosion lines (burst lines)
LINE: 12.0, 0.0, 12.0, 3.0, (255, 255, 0)
LINE: 12.0, 0.0, 14.0, 2.5, (255, 0, 0)
LINE: 12.0, 0.0, 10.0, 2.5, (0, 255, 0)
LINE: 12.0, 0.0, 14.5, 1.0, (0, 255, 255)
LINE: 12.0, 0.0, 9.5, 1.0, (255, 0, 255)

// Confetti arcs (small parabolas)
PARABOLA: 10.0, 2.5, 10.5, 3.0, 11.0, 2.5, (255, 105, 180)
PARABOLA: 13.0, 2.5, 13.5, 3.0, 14.0, 2.5, (0, 128, 255)
PARABOLA: 11.0, 1.5, 11.5, 2.0, 12.0, 1.5, (255, 215, 0)
PARABOLA: 12.0, 1.5, 12.5, 2.0, 13.0, 1.5, (60, 179, 113)

// Circular confetti (dots via very short lines)
LINE: 10.0, 2.5, 10.0, 2.55, (255, 0, 0)
LINE: 14.0, 2.5, 14.0, 2.55, (0, 0, 255)
LINE: 11.0, 1.8, 11.0, 1.85, (0, 255, 255)
LINE: 13.0, 1.8, 13.0, 1.85, (255, 255, 0)
