// W outer
LINE: -12.0, 4.0, -11.5, 0.0, (255, 255, 240)
LINE: -11.5, 0.0, -11.0, 1.65, (255, 255, 240)
LINE: -11.0, 1.65, -10.5, 0.0, (255, 255, 240)
LINE: -10.5, 0.0, -10.0, 4.0, (255, 255, 240)

// W inner
LINE: -11.75, 4.0, -11.4, 1.0, (255, 255, 240)
LINE: -11.4, 1.0, -11.0, 2.5, (255, 255, 240)
LINE: -11.0, 2.5, -10.6, 1.0, (255, 255, 240)
LINE: -10.6, 1.0, -10.25, 4.0, (255, 255, 240)

// W closing
LINE: -12.0, 4.0, -11.75, 4.0, (255, 255, 240)
LINE: -10.0, 4.0, -10.25, 4.0, (255, 255, 240)


// I - Top open rectangle
LINE: -9.0, 4.0, -8.0, 4.0, (255, 255, 240)
LINE: -9.0, 4.0, -9.0, 3.8, (255, 255, 240)
LINE: -8.0, 4.0, -8.0, 3.8, (255, 255, 240)
LINE: -9.0, 3.8, -8.7, 3.8, (255, 255, 240)
LINE: -8.4, 3.8, -8.0, 3.8, (255, 255, 240)

// I - Bottom open rectangle
LINE: -9.0, 0.0, -8.0, 0.0, (255, 255, 240)
LINE: -9.0, 0.0, -9.0, 0.2, (255, 255, 240)
LINE: -8.0, 0.0, -8.0, 0.2, (255, 255, 240)
LINE: -9.0, 0.2, -8.7, 0.2, (255, 255, 240)
LINE: -8.4, 0.2, -8.0, 0.2, (255, 255, 240)

// I - Middle vertical bars
LINE: -8.6, 3.8, -8.6, 0.2, (255, 255, 240)
LINE: -8.4, 3.8, -8.4, 0.2, (255, 255, 240)


// N - Outer verticals
LINE: -7.0, 0.0, -7.0, 4.0, (255, 255, 240)
LINE: -5.0, 0.0, -5.0, 4.0, (255, 255, 240)

// N - Inner verticals
LINE: -6.7, 0.0, -6.7, 3.3, (255, 255, 240)
LINE: -5.3, 0.7, -5.3, 4.0, (255, 255, 240)

// N - Diagonals
LINE: -6.7, 3.3, -5.3, 0.0, (255, 255, 240)
LINE: -6.7, 4.0, -5.3, 0.7, (255, 255, 240)

// N - Horizontals
LINE: -7.0, 4.0, -6.7, 4.0, (255, 255, 240)
LINE: -5.0, 0.0, -5.3, 0.0, (255, 255, 240)
LINE: -7.0, 0.0, -6.7, 0.0, (255, 255, 240)
LINE: -5.0, 4.0, -5.3, 4.0, (255, 255, 240)





// 3 - Outer top arc (opens downward)
PARABOLA: -3.2, 3.7, -2.5, 4.1, -1.8, 3.7, (255, 255, 240)

// 3 - Outer bottom arc (opens upward)
PARABOLA: -3.2, 0.3, -2.5, -0.1, -1.8, 0.3, (255, 255, 240)

// 3 - Inner top arc (opens downward, inside)
PARABOLA: -3.0, 3.5, -2.5, 3.8, -2.0, 3.5, (255, 255, 240)

// 3 - Inner bottom arc (opens upward, inside)
PARABOLA: -3.0, 0.5, -2.5, 0.2, -2.0, 0.5, (255, 255, 240)

// Line Connecting Arcs
LINE: -3.2, 3.7, -3.0, 3.5, (255, 255, 240)
LINE: -3.2, 0.3, -3.0, 0.5, (255, 255, 240)

// 3 - Vertical Lines
LINE: -2.0, 3.5, -2.0, 2.3, (255, 255, 240)
LINE: -2.0, 1.7, -2.0, 0.5, (255, 255, 240)
LINE: -1.8, 3.7, -1.8, 0.3, (255, 255, 240)

// 3 - Middle of 3
LINE: -2.0, 2.3, -2.5, 2.3, (255, 255, 240)
LINE: -2.0, 1.7, -2.5, 1.7, (255, 255, 240)
LINE: -2.5, 2.3, -2.5, 1.7, (255, 255, 240)


// 2 - Outer top arc (opens downward)
PARABOLA: -0.5, 3.7, 0.5, 4.1, 1.5, 3.7, (255, 255, 240)
PARABOLA: 0.0, 3.4, 0.5, 3.7, 1.0, 3.4, (255, 255, 240)

// 2- Connector of Parabola
LINE: -0.5, 3.7, 0.0, 3.4, (255, 255, 240)

// 2 - Horizontals
LINE: -0.6, 0.0, 1.7, 0.0, (255, 255, 240)
LINE: -0.3, 0.5, 1.7, 0.5, (255, 255, 240)
LINE: -0.6, 0.0, -0.6, 0.5, (255, 255, 240)
LINE: 1.7, 0.0, 1.7, 0.5, (255, 255, 240)

//2 - Diagonals
LINE: 1.0, 3.4, -0.6, 0.5, (255, 255, 240)
LINE: 1.5, 3.7, -0.3, 0.5, (255, 255, 240)

// Border rectangle for WIN (with padding)
LINE: -12.25, -0.25, 2.5, -0.25, (255, 255, 0)   // Bottom
LINE: -12.25,  4.25, 2.5,  4.25, (255, 255, 0)   // Top
LINE: -12.25, -0.25, -12.25, 4.25, (255, 255, 0)   // Left
LINE: 2.5,  -0.25, 2.5,  4.25, (255, 255, 0)   // Right



