// H
LINE: -10, 4, -10, 2, (255, 0, 0)
LINE: -9, 4, -9, 2, (255, 0, 0)
LINE: -10, 3, -9, 3, (255, 0, 0)

// A
LINE: -6, 2, -5, 4, (255, 165, 0)
LINE: -5, 4, -4, 2, (255, 165, 0)
LINE: -5.5, 3, -4.5, 3, (255, 165, 0)

// P
LINE: -2, 2, -2, 4, (255, 255, 0)
PARABOLA: -2, 4, -1, 3.5, -2, 3, (255, 255, 0)

// P
LINE: 0, 2, 0, 4, (0, 255, 0)
PARABOLA: 0, 4, 1, 3.5, 0, 3, (0, 255, 0)

// Y
LINE: 2, 4, 2.5, 3, (0, 255, 255)
LINE: 3, 4, 2.5, 3, (0, 255, 255)
LINE: 2.5, 3, 2.5, 2, (0, 255, 255)

// B
LINE: -10, 0, -10, -2, (0, 128, 255)
PARABOLA: -10, -0.2, -9, -0.6, -10, -1, (0, 128, 255)
PARABOLA: -10, -1.1, -9, -1.5, -10, -1.9, (0, 128, 255)

// I
LINE: -7.5, 0, -7.5, -2, (0, 0, 255)

// R
LINE: -6, 0, -6, -2, (75, 0, 130)
PARABOLA: -6, -0.2, -5, -0.6, -6, -1, (75, 0, 130)
LINE: -6, -1, -5.2, -2, (75, 0, 130)

// T
LINE: -3, 0, -1, 0, (138, 43, 226)
LINE: -2, 0, -2, -2, (138, 43, 226)

// H
LINE: 0, 0, 0, -2, (255, 105, 180)
LINE: 1, 0, 1, -2, (255, 105, 180)
LINE: 0, -1, 1, -1, (255, 105, 180)

// D
LINE: 4, 0, 4, -2, (199, 21, 133)
PARABOLA: 4, -0.1, 5.2, -1, 4, -1.9, (199, 21, 133)

// A
LINE: 6, -2, 7, 0, (255, 140, 0)
LINE: 7, 0, 8, -2, (255, 140, 0)
LINE: 6.5, -1, 7.5, -1, (255, 140, 0)

// Y
LINE: 9, 0, 9.5, -1, (255, 20, 147)
LINE: 10, 0, 9.5, -1, (255, 20, 147)
LINE: 9.5, -1, 9.5, -2, (255, 20, 147)
