// S
PARABOLA: -11, 2, -11.5, 1.5, -12, 1, (255, 0, 0)
PARABOLA: -11.5, 1, -11, 0.5, -12, 0, (255, 0, 0)


// H
LINE: -9, 2, -9, 0, (255, 165, 0)
LINE: -8, 2, -8, 0, (255, 165, 0)
LINE: -9, 1, -8, 1, (255, 165, 0)

// R
LINE: -6, 0, -6, 2, (255, 255, 0)
PARABOLA: -6, 1.8, -5.5, 1.4, -6, 1, (255, 255, 0)
LINE: -6, 1, -5.3, 0, (255, 255, 0)

// I
LINE: -3.5, 0, -3.5, 2, (0, 255, 0)

// R
LINE: -1, 0, -1, 2, (0, 255, 255)
PARABOLA: -1, 1.8, -0.5, 1.4, -1, 1, (0, 255, 255)
LINE: -1, 1, -0.3, 0, (0, 255, 255)

// A
LINE: 1, 0, 1.5, 2, (0, 0, 255)
LINE: 1.5, 2, 2, 0, (0, 0, 255)
LINE: 1.2, 1, 1.8, 1, (0, 0, 255)

// J
LINE: 4, 2, 4, 0.3, (128, 0, 128)
PARABOLA: 4, 0.3, 3.7, 0, 3.4, 0.3, (128, 0, 128)
